1 0.00020395
11 0.00001860
21 0.00001295
31 0.00001025
41 0.00000810
51 0.00000670
61 0.00000030
71 0.00001235
81 0.00000165
91 0.00000035
101 0.00000360
111 0.00000280
121 0.00000030
131 0.00000035
141 0.00000030
151 0.00000075
161 0.00000155
171 0.00000040
181 0.00000040
191 0.00000035
201 0.00000270
211 0.00001280
221 0.00000355
231 0.00000035
241 0.00000035
251 0.00000035
261 0.00000035
271 0.00000040
281 0.00000030
291 0.00000025
301 0.00000035
311 0.00000030
321 0.00000025
331 0.00000015
341 0.00000030
351 0.00000030
361 0.00000030
371 0.00000025
381 0.00000035
391 0.00000035
401 0.00000035
411 0.00000045
421 0.00000030
431 0.00000030
441 0.00000035
451 0.00000025
461 0.00000035
471 0.00000030
481 0.00000035
491 0.00000040
501 0.00000035
511 0.00000055
521 0.00000035
531 0.00000025
541 0.00000030
551 0.00000030
561 0.00000035
571 0.00000030
581 0.00000030
591 0.00000030
601 0.00000045
611 0.00000030
621 0.00000035
631 0.00000015
641 0.00000050
651 0.00000040
661 0.00000025
671 0.00000025
681 0.00000030
691 0.00000030
701 0.00000035
711 0.00000030
721 0.00000035
731 0.00000035
741 0.00000035
751 0.00000020
761 0.00000030
771 0.00000025
781 0.00000035
791 0.00000040
801 0.00000035
811 0.00000025
821 0.00000020
831 0.00000035
841 0.00000025
851 0.00000035
861 0.00000030
871 0.00000040
881 0.00000030
891 0.00000025
901 0.00000035
911 0.00000025
921 0.00000035
931 0.00000035
941 0.00000030
951 0.00000030
961 0.00000035
971 0.00000035
981 0.00000035
991 0.00000030
1001 0.00000010
2001 0.00000035
3001 0.00000035
4001 0.00000035
5001 0.00000030
6001 0.00000030
7001 0.00000035
8001 0.00000035
9001 0.00000030
10001 0.00000030
11001 0.00000030
12001 0.00000030
13001 0.00000030
14001 0.00000035
15001 0.00000030
16001 0.00000035
17001 0.00000035
18001 0.00000030
19001 0.00000035
