1 0.00020370
11 0.00000215
21 0.00000145
31 0.00000085
41 0.00018705
51 0.00000075
61 0.00000075
71 0.00000070
81 0.00000060
91 0.00000075
101 0.00000065
111 0.00000070
121 0.00000065
131 0.00000075
141 0.00000060
151 0.00000055
161 0.00000060
171 0.00000055
181 0.00000035
191 0.00000050
201 0.00000060
211 0.00000065
221 0.00000055
231 0.00000050
241 0.00000060
251 0.00000060
261 0.00000040
271 0.00000045
281 0.00000045
291 0.00000045
301 0.00000060
311 0.00000060
321 0.00000050
331 0.00000045
341 0.00000050
351 0.00000065
361 0.00000045
371 0.00000050
381 0.00000050
391 0.00000045
401 0.00000045
411 0.00000050
421 0.00000050
431 0.00000055
441 0.00000050
451 0.00000040
461 0.00000040
471 0.00000040
481 0.00000045
491 0.00000045
501 0.00000045
511 0.00000050
521 0.00000040
531 0.00000045
541 0.00000040
551 0.00000045
561 0.00000045
571 0.00000040
581 0.00000045
591 0.00000045
601 0.00000045
611 0.00000055
621 0.00000045
631 0.00000050
641 0.00000055
651 0.00000045
661 0.00000050
671 0.00000050
681 0.00000045
691 0.00000045
701 0.00000050
711 0.00000055
721 0.00000045
731 0.00000045
741 0.00000050
751 0.00000050
761 0.00000050
771 0.00000045
781 0.00000045
791 0.00000045
801 0.00000045
811 0.00000050
821 0.00000040
831 0.00000045
841 0.00000045
851 0.00000045
861 0.00000045
871 0.00000060
881 0.00000050
891 0.00000045
901 0.00000050
911 0.00000045
921 0.00000045
931 0.00000050
941 0.00000050
951 0.00000040
961 0.00000050
971 0.00000050
981 0.00000060
991 0.00000045
1001 0.00000050
2001 0.00000040
3001 0.00000045
4001 0.00000040
5001 0.00000045
6001 0.00000045
7001 0.00000050
8001 0.00000045
9001 0.00000045
10001 0.00000055
11001 0.00000055
12001 0.00000045
13001 0.00000040
14001 0.00000035
15001 0.00000055
16001 0.00000040
17001 0.00000045
18001 0.00000045
19001 0.00000045
